'mic'


std_ = np.array([  2.12659097e+08, 6.92401879, 6.85562055, 6.84956057, 6.84776899, 6.84708703, 6.84663233, 6.84640107, 6.84620955, 6.84604466, 6.84588648, 6.84579359, 6.84566878, 6.84558715])
max_ = np.array([  6.42156134e+10, 2248.01245117, 2248.01245117, 2248.01245117, 2248.01245117, 2248.01245117, 2248.01245117, 2248.01245117, 2248.01245117, 2248.01245117, 2248.01245117, 2248.01245117, 2248.01245117, 2248.01245117])
mean_= np.array([ 901614.19302299, 0.30234579, 0.13968933, 0.0960607, 0.0752036, 0.063675, 0.05604503, 0.05080598, 0.04690775, 0.04388168, 0.04144206, 0.03953684, 0.03799759, 0.03645681])
min_ = np.array([ 0., 0., 0., 0., 0., 0.,  0., 0., 0., 0., 0., 0., 0., 0.])

/n'accel'/n'{'std': [], 'max': [], 'mean': [], 'min': []}

lidar
std_ = np.array([ 1380000.4957044, 1471465.44604089, 999968.25378217, 727910.16740679, 603642.74106757, 464702.19096488, 368552.91798896, 273088.01841903, 243969.60121045, 163526.40831791, 157710.93662268, 147615.76878097, 155195.49870289, 112395.97164004])
max_ = np.array([ 9998935., 9994157., 9996485., 9994746., 9944379., 9962924., 9929572., 9824891., 9759068., 9736382., 9736382., 9885050.,  9860562., 9736382.])
mean_ = np.array([ 355751.56330138, 515882.85109379, 253764.57325521, 134827.12599425, 87705.00687557, 58128.4058183, 35741.45805129, 20411.57455904, 14878.37888682, 8125.15488077, 6699.65636286, 5615.60709941, 5452.81187069, 3820.95178037])
min_ = np.array([ 0., 0., 0., 0., 0., 0., 0., 0., 0.,  0., 0., 0., 0.,  0.])

'imu'

std_ = np.array([[ 1391.80956544,  3269.2211679 ,  1851.90718602, nan, nan, nan],
                 [ 2890.86896896,  5183.32700752,  2130.02813066, nan, nan, nan],
                 [ 2276.35179067,  6095.34650834,  2254.25956801, nan, nan, nan],
                 [ 3225.73879   ,  6883.69606432,  3222.79377156, nan, nan, nan],
                 [ 3709.09245884,  8075.21342362,  4023.23231877, nan, nan, nan],
                 [ 3822.08959922,  7940.16233305,  4248.33152412, nan, nan, nan],
                 [ 3828.20496623,  6828.4032935 ,  4036.91858095, nan, nan, nan],
                 [ 4321.16824503,  6179.51843681,  4045.15493175, nan, nan, nan],
                 [ 4004.32818322,  7640.86659406,  4292.29202951, nan, nan, nan],
                 [ 3419.7783012 ,  6609.44991998,  4070.90323833, nan, nan, nan],
                 [ 2924.58750556,  4364.28158175,  2876.38499773, nan, nan, nan],
                 [ 3706.69689446,  6767.96960215,  3433.10187165, nan, nan, nan],
                 [ 3343.09986034,  6434.07086512,  3805.88719824, nan, nan, nan]])
max_ = np.array([[ 73433.2421875,  169728.78125  ,  160668.40625, nan, nan, nan],
                 [ 188210.90625 ,  242578.203125,   66827.46875 , nan, nan, nan],
                 [  48220.03515625,  211263.25  ,   57340.78125 , nan, nan, nan],
                 [  77318.1171875,  170321.40625  ,   50395.515625 ,nan,nan, nan],
                 [  70628.3984375 ,  156686.40625   ,   59018.78515625,nan, nan, nan],
                 [  60257.11328125,  222203.59375   ,   77699.  , nan, nan, nan],
                 [  78013.515625,  135019.28125 ,   68727.078125, nan, nan, nan],
                 [  90602.921875,  136488.265625,   83913.828125, nan, nan, nan],
                 [  70822.7109375,  176520.21875  ,  73986.8828125, nan, nan, nan],
                 [  62153.9375  ,  149732.9375  ,   88739.609375, nan, nan, nan],
                 [ 59284.3515625,  68729.15625  ,  47214.6171875, nan, nan, nan],
                 [  68762.984375,  191816.078125,   74405.515625, nan, nan, nan],
                 [  76380.703125 ,  198337.296875 ,   88262.9765625, nan, nan, nan]])
mean_ = np.array([  88.74449313,  196.7024343 ,  101.59235544, nan, nan, nan],
                 [ 229.12853285,  428.18620561,  209.06887077, nan, nan, nan],
                 [ 304.22733937,  642.05983953,  291.93721336, nan, nan, nan],
                 [ 470.93976191,  894.27589437,  489.50202167, nan, nan, nan],
                 [  616.10826569,  1190.13529706,   656.35917976, nan, nan, nan],
                 [  636.65728644,  1158.1989692 ,   690.97571053, nan, nan, nan],
                 [  629.35311166,  1051.16049578,   649.03292787, nan, nan, nan],
                 [ 651.84150357,  868.18799313,  618.53254214, nan, nan, nan],
                 [  643.67820516,  1029.50140803,   700.12548619, nan, nan, nan],
                 [ 547.68543966,  776.4983383 ,  600.55993661, nan, nan, nan],
                 [ 464.69791749,  541.82214661,  476.59685667, nan, nan, nan],
                 [ 548.7221092 ,  655.39467232,  516.65383294, nan, nan, nan],
                 [ 467.22909581,  576.44836023,  499.86653687, nan, nan, nan]])
min_ = np.array([[  5.66790384e-08, 7.42409654e-08, 8.64452787e-10, nan, nan, nan],
                 [  4.09090113e-08,   2.75641039e-08,   2.85240027e-08, nan, nan, nan],
                 [  3.68628739e-10,   4.30096705e-08,   2.13493792e-07, nan, nan, nan],
                 [  3.12581498e-08,   6.57768950e-08,   9.60291800e-07, nan, nan, nan],
                 [  1.21338175e-08,   2.23898833e-09,   6.84258737e-07, nan, nan, nan],
                 [  1.08153881e-06,   1.73518259e-07,   1.13915306e-07, nan, nan, nan],
                 [  3.44574391e-06,   1.35163837e-05,   2.55783334e-06, nan, nan, nan],
                 [  1.45247600e-06,   2.46492846e-06,   2.19013913e-07, nan, nan, nan],
                 [  6.41874703e-06,   5.20157846e-06,   2.78287916e-05, nan, nan, nan],
                 [  5.45917203e-07,   3.84544165e-07,   2.45236720e-06, nan, nan, nan],
                 [  1.08075568e-07,   1.00260344e-07,   3.29605285e-07, nan, nan, nan],
                 [  9.91244542e-06,   6.61390186e-06,   5.07633890e-09, nan, nan, nan],
                 [  1.82292970e-05,   1.09916646e-05,   5.20418544e-05, nan, nan, nan]])

odom'/n'{'std': [], 'max': [], 'mean': [], 'min': []}'/n

cam

std_ = np.array([ 0.803776, 3.36447384, 5.44056287, 7.099349, 8.63496392, 9.68901145, 10.03197952, 10.3440748, 10.49075484, 10.4321351, 10.15676417, 10.22396966, 10.2014648, 10.27125489])
max_ = np.array([ 19.71351051, 104.75572968, 142.72943115, 220.32954407, 271.38024902, 330.4397583, 212.97761536, 211.06878662, 362.35003662, 329.20837402, 158.18174744, 179.99588013, 265.92556763, 209.20179749])
mean_ = np.array([  1.16805835e-05, 1.36148274e-05, 1.85464702e-05, 2.96879043e-05, 2.34451926e-05, 3.06069810e-05, 5.67850762e-05, 5.84791716e-05, 7.45429650e-05, 2.10133645e-05, 2.22735894e-05, 0.00010937, 4.92751943e-05, 5.36367071e-05])
min_ = np.array([-16.90958405, -104.74992371, -134.21481323, -217.16052246, -290.17474365, -338.77011108, -328.1005249, -305.03817749, -363.59585571, -338.47647095, -246.52082825, -264.53012085, -249.2542572, -218.90515137])
